150.2640  0.257081  
150.9805  0.556124  
151.7790  0.374246  
156.6685  0.423790  
158.4825  0.281940  
163.8770  0.239726 
167.0090  0.266076  
169.8865  0.472929 
171.6715  0.631135  
172.3130  0.219386
173.3515  0.270335  
173.9765  0.210271 
174.6240  0.243863
176.0210  0.703039  
176.8150  0.282284 
177.7900  0.547822  
178.5205  0.216344  
179.4705  0.393549
180.0590  0.540393  
180.6820  0.230415  
181.4575  0.815142  
182.6835  0.293844  
183.2725  0.250412  
184.0990  0.639514  
185.0410  0.264587 
185.6595  0.220294  
186.6060  0.227059
187.2455  0.793762  
188.5635  0.242288  
189.1030  0.223493 
190.4455  0.230394  
191.0710  0.737679  
192.0520  0.220496  
193.0445  0.462060
193.9520  0.462724  
194.8250  0.716834  
196.1190  0.297780  
196.7275  0.250247  
197.2785  0.703750  
197.9335  0.217620 
199.2320  0.276416  
